import torch

#sanity check to check if matricies were properly pushed

t1 = torch.tensor([[0.0000, 2.4744, 3.7813, 2.1309, 3.6422, 3.4908, 3.0838, 5.1854, 2.8841,
         2.9341, 2.2442, 6.6890],
        [2.4744, 0.0000, 2.6530, 2.2352, 2.7036, 3.2000, 2.6588, 4.4726, 2.8949,
         4.0254, 2.9601, 3.9582],
        [3.7813, 2.6530, 0.0000, 2.4931, 2.0859, 3.0780, 2.6753, 3.6419, 3.8096,
         4.4666, 4.3579, 4.0386],
        [2.1309, 2.2352, 2.4931, 0.0000, 2.5068, 3.1549, 1.6449, 3.1727, 2.2373,
         3.5359, 2.0993, 4.4663],
        [3.6422, 2.7036, 2.0859, 2.5068, 0.0000, 3.2876, 2.8195, 3.6173, 3.4985,
         4.6241, 3.6130, 3.9690],
        [3.4908, 3.2000, 3.0780, 3.1549, 3.2876, 0.0000, 2.2879, 2.9860, 3.4489,
         3.1843, 3.3964, 5.2569],
        [3.0838, 2.6588, 2.6753, 1.6449, 2.8195, 2.2879, 0.0000, 2.7400, 2.3620,
         4.1698, 2.6266, 3.8618],
        [5.1854, 4.4726, 3.6419, 3.1727, 3.6173, 2.9860, 2.7400, 0.0000, 3.8012,
         4.8437, 4.1976, 4.2979],
        [2.8841, 2.8949, 3.8096, 2.2373, 3.4985, 3.4489, 2.3620, 3.8012, 0.0000,
         2.4059, 2.5838, 5.8839],
        [2.9341, 4.0254, 4.4666, 3.5359, 4.6241, 3.1843, 4.1698, 4.8437, 2.4059,
         0.0000, 1.8286, 6.7188],
        [2.2442, 2.9601, 4.3579, 2.0993, 3.6130, 3.3964, 2.6266, 4.1976, 2.5838,
         1.8286, 0.0000, 5.3202],
        [6.6890, 3.9582, 4.0386, 4.4663, 3.9690, 5.2569, 3.8618, 4.2979, 5.8839,
         6.7188, 5.3202, 0.0000]])

t2 = torch.tensor([[0.0000, 2.4744, 3.7813, 2.1309, 3.6422, 3.4908, 3.0838, 5.1854, 2.8841,
         2.9341, 2.2442, 6.6890],
        [2.4744, 0.0000, 2.6530, 2.2352, 2.7036, 3.2000, 2.6588, 4.4726, 2.8949,
         4.0254, 2.9601, 3.9582],
        [3.7813, 2.6530, 0.0000, 2.4931, 2.0859, 3.0780, 2.6753, 3.6419, 3.8096,
         4.4666, 4.3579, 4.0386],
        [2.1309, 2.2352, 2.4931, 0.0000, 2.5068, 3.1549, 1.6449, 3.1727, 2.2373,
         3.5359, 2.0993, 4.4663],
        [3.6422, 2.7036, 2.0859, 2.5068, 0.0000, 3.2876, 2.8195, 3.6173, 3.4985,
         4.6241, 3.6130, 3.9690],
        [3.4908, 3.2000, 3.0780, 3.1549, 3.2876, 0.0000, 2.2879, 2.9860, 3.4489,
         3.1843, 3.3964, 5.2569],
        [3.0838, 2.6588, 2.6753, 1.6449, 2.8195, 2.2879, 0.0000, 2.7400, 2.3620,
         4.1698, 2.6266, 3.8618],
        [5.1854, 4.4726, 3.6419, 3.1727, 3.6173, 2.9860, 2.7400, 0.0000, 3.8012,
         4.8437, 4.1976, 4.2979],
        [2.8841, 2.8949, 3.8096, 2.2373, 3.4985, 3.4489, 2.3620, 3.8012, 0.0000,
         2.4059, 2.5838, 5.8839],
        [2.9341, 4.0254, 4.4666, 3.5359, 4.6241, 3.1843, 4.1698, 4.8437, 2.4059,
         0.0000, 1.8286, 6.7188],
        [2.2442, 2.9601, 4.3579, 2.0993, 3.6130, 3.3964, 2.6266, 4.1976, 2.5838,
         1.8286, 0.0000, 5.3202],
        [6.6890, 3.9582, 4.0386, 4.4663, 3.9690, 5.2569, 3.8618, 4.2979, 5.8839,
         6.7188, 5.3202, 0.0000]],
       dtype=torch.float64, requires_grad=True)


print(torch.sum(torch.abs(t1-t2)))